id,Name,File,Loop,MinDistance,MaxDistance,Delay,beifen1,beifen2,beifen3
//ID,名称,资源路径(不需要文件扩展名),是否循环音效(0/1),最小距离,最大距离,,声音大小,"传播距离(""=ROUND(POWER(H3,0.77)*14.5,0)"")",
1,击杀,,0,0,0,,,,
2,连杀,Sound/Scene/2,0,0,0,,,,
3,大杀特杀,Sound/Scene/3,0,0,0,,,,
4,战场主宰,Sound/Scene/4,0,0,0,,,,
5,无人能挡,Sound/Scene/5,0,0,0,,,,
6,无敌战神,Sound/Scene/6,0,0,0,,,,
7,超神,Sound/Scene/7,0,0,0,,,,
8,双杀,Sound/Scene/8,0,0,0,,,,
9,三杀,Sound/Scene/9,0,0,0,,,,
10,四杀,Sound/Scene/10,0,0,0,,,,
11,五杀,Sound/Scene/11,0,0,0,,,,
12,首杀,Sound/Scene/12,0,0,0,,,,
13,复仇,Sound/Scene/13,0,0,0,,,,
10101,幽灵入场,Sound/Scene/10101,0,5,50,0.1,5,50,
10102,幽灵死亡,Sound/Scene/10102,0,5,50,0.1,10,85,
10103,幽灵复活,Sound/Scene/10103,0,5,50,0.1,15,117,
10104,幽灵移动,Sound/Scene/10104,0,5,100,0.1,20,146,
10105,幽灵高处掉下落地,Sound/Scene/10105,0,5,100,0.1,,,
10111,幽灵武器1-发射,Sound/Scene/10111,0,5,200,0.1,25,173,
10112,幽灵武器1-施法过程,,0,5,50,0.1,30,199,
10113,幽灵武器1-命中机甲,,0,5,200,0.1,35,224,
10114,幽灵武器1-命中建筑,,0,5,200,0.1,40,248,
10115,幽灵武器1-命中软地面,,0,5,200,0.1,45,272,
10116,幽灵武器1-结束,Sound/Scene/10116,0,5,50,0.1,50,295,
10117,幽灵武器1-蓄力,,,,,,,,
10121,幽灵武器2-发射,Sound/Scene/10121,0,5,200,0.1,55,317,
10122,幽灵武器2-施法过程,,0,5,50,0.1,60,339,
10123,幽灵武器2-命中机甲,,0,5,200,0.1,65,361,
10124,幽灵武器2-命中建筑,,0,5,200,0.1,70,382,
10125,幽灵武器2-命中软地面,Sound/Scene/10125,0,5,200,0.1,75,403,
10126,幽灵武器2-结束,,0,5,50,0.1,80,423,
10127,幽灵武器2-蓄力,,,,,,,,
10131,幽灵技能-发射,Sound/Scene/10131,0,5,200,0.1,85,444,
10132,幽灵技能-施法过程,,0,5,50,0.1,90,464,
10133,幽灵技能-命中机甲,,0,5,200,0.1,95,483,
10134,幽灵技能-命中建筑,,0,5,200,0.1,100,503,
10135,幽灵技能-命中软地面,,0,5,200,0.1,70,382,
10136,幽灵技能-结束,,0,5,50,0.1,,,
10137,幽灵技能-蓄力,,,,,,,,
10141,幽灵SP技能-发射,,0,5,200,0.1,,,
10142,幽灵SP技能-施法过程（一按键即播放）,Sound/Scene/10141,0,5,50,0.1,,,
10143,幽灵SP技能-命中机甲,,0,5,200,0.1,,,
10144,幽灵SP技能-命中建筑,,0,5,200,0.1,,,
10145,幽灵SP技能-命中软地面,,0,5,200,0.1,,,
10146,幽灵SP技能-结束,,0,5,50,0.1,,,
10147,幽灵SP技能-蓄力,,,,,,,,
10201,蓝色闪电入场,,0,5,50,0.1,,,
10202,蓝色闪电死亡,,0,5,50,0.1,,,
10203,蓝色闪电复活,,0,5,50,0.1,,,
10204,蓝色闪电移动,Sound/Scene/robot_move1,0,5,100,0.1,,,
10205,蓝色闪电高处掉下落地,,0,5,100,0.1,,,
10211,蓝色闪电武器1-发射,,0,5,200,0.1,,,
10212,蓝色闪电武器1-施法过程,,0,5,50,0.1,,,
10213,蓝色闪电武器1-命中机甲,,0,5,200,0.1,,,
10214,蓝色闪电武器1-命中建筑,,0,5,200,0.1,,,
10215,蓝色闪电武器1-命中软地面,,0,5,200,0.1,,,
10216,蓝色闪电武器1-结束,,0,5,50,0.1,,,
10217,蓝色闪电武器1-蓄力,,,,,,,,
10221,蓝色闪电武器2-发射,,0,5,200,0.1,,,
10222,蓝色闪电武器2-施法过程,,0,5,50,0.1,,,
10223,蓝色闪电武器2-命中机甲,,0,5,200,0.1,,,
10224,蓝色闪电武器2-命中建筑,,0,5,200,0.1,,,
10225,蓝色闪电武器2-命中软地面,,0,5,200,0.1,,,
10226,蓝色闪电武器2-结束,,0,5,50,0.1,,,
10227,蓝色闪电武器2-蓄力,,,,,,,,
10231,蓝色闪电技能-发射,,0,5,200,0.1,,,
10232,蓝色闪电技能-施法过程,,0,5,50,0.1,,,
10233,蓝色闪电技能-命中机甲,,0,5,200,0.1,,,
10234,蓝色闪电技能-命中建筑,,0,5,200,0.1,,,
10235,蓝色闪电技能-命中软地面,,0,5,200,0.1,,,
10236,蓝色闪电技能-结束,,0,5,50,0.1,,,
10237,蓝色闪电技能-蓄力,,,,,,,,
10241,蓝色闪电SP技能-发射,,0,5,200,0.1,,,
10242,蓝色闪电SP技能-施法过程,,0,5,50,0.1,,,
10243,蓝色闪电SP技能-命中机甲,,0,5,200,0.1,,,
10244,蓝色闪电SP技能-命中建筑,,0,5,200,0.1,,,
10245,蓝色闪电SP技能-命中软地面,,0,5,200,0.1,,,
10246,蓝色闪电SP技能-结束,,0,5,50,0.1,,,
10247,蓝色闪电SP技能-蓄力,,,,,,,,
10301,鹰眼入场,Sound/Scene/10101,0,5,50,0.1,,,
10302,鹰眼死亡,Sound/Scene/10102,0,5,50,0.1,,,
10303,鹰眼复活,Sound/Scene/30303,0,5,50,0.1,,,
10304,鹰眼移动,Sound/Scene/10304,0,5,100,0.1,,,
10305,鹰眼高处掉下落地,Sound/Scene/20205,0,5,100,0.1,,,
10311,鹰眼武器1-发射,Sound/Scene/10311,0,5,200,0.1,,,
10312,鹰眼武器1-施法过程,,0,5,50,0.1,,,
10313,鹰眼武器1-命中机甲,Sound/Scene/10313,0,5,200,0.1,,,
10314,鹰眼武器1-命中建筑,Sound/Scene/10313,0,5,200,0.1,,,
10315,鹰眼武器1-命中软地面,Sound/Scene/10313,0,5,200,0.1,,,
10316,鹰眼武器1-结束,,0,5,50,0.1,,,
10317,鹰眼武器1-蓄力,,,,,,,,
10321,鹰眼武器2-发射,Sound/Scene/10321,0,5,200,0.1,,,
10322,鹰眼武器2-施法过程,,0,5,50,0.1,,,
10323,鹰眼武器2-命中机甲,Sound/Scene/10343,0,5,200,0.1,,,
10324,鹰眼武器2-命中建筑,Sound/Scene/10343,0,5,200,0.1,,,
10325,鹰眼武器2-命中软地面,Sound/Scene/10343,0,5,200,0.1,,,
10326,鹰眼武器2-结束,,0,5,50,0.1,,,
10327,鹰眼武器2-蓄力,,,,,,,,
10331,鹰眼技能-发射,Sound/Scene/10331,0,5,200,0.1,,,
10332,鹰眼技能-施法过程,,0,5,50,0.1,,,
10333,鹰眼技能-命中机甲,,0,5,200,0.1,,,
10334,鹰眼技能-命中建筑,,0,5,200,0.1,,,
10335,鹰眼技能-命中软地面,,0,5,200,0.1,,,
10336,鹰眼技能-结束,,0,5,50,0.1,,,
10337,鹰眼技能-蓄力,,,,,,,,
10341,鹰眼SP技能-发射,,0,5,200,0.1,,,
10342,鹰眼SP技能-施法过程,,0,5,50,0.1,,,
10343,鹰眼SP技能-命中机甲,Sound/Scene/10343,0,5,200,0.1,,,
10344,鹰眼SP技能-命中建筑,Sound/Scene/10343,0,5,200,0.1,,,
10345,鹰眼SP技能-命中软地面,Sound/Scene/10343,0,5,200,0.1,,,
10346,鹰眼SP技能-结束,,0,5,50,0.1,,,
10347,鹰眼SP技能-蓄力,Sound/Scene/10347,,,,,,,
10401,毁灭入场,,0,5,50,0.1,,,
10402,毁灭死亡,,0,5,50,0.1,,,
10403,毁灭复活,,0,5,50,0.1,,,
10404,毁灭移动,Sound/Scene/robot_move1,0,5,100,0.1,,,
10405,毁灭高处掉下落地,,0,5,100,0.1,,,
10411,毁灭武器1-发射,,0,5,200,0.1,,,
10412,毁灭武器1-施法过程,,0,5,50,0.1,,,
10413,毁灭武器1-命中机甲,,0,5,200,0.1,,,
10414,毁灭武器1-命中建筑,,0,5,200,0.1,,,
10415,毁灭武器1-命中软地面,,0,5,200,0.1,,,
10416,毁灭武器1-结束,,0,5,50,0.1,,,
10417,毁灭武器1-蓄力,,,,,,,,
10421,毁灭武器2-发射,,0,5,200,0.1,,,
10422,毁灭武器2-施法过程,,0,5,50,0.1,,,
10423,毁灭武器2-命中机甲,,0,5,200,0.1,,,
10424,毁灭武器2-命中建筑,,0,5,200,0.1,,,
10425,毁灭武器2-命中软地面,,0,5,200,0.1,,,
10426,毁灭武器2-结束,,0,5,50,0.1,,,
10427,毁灭武器2-蓄力,,,,,,,,
10431,毁灭技能-发射,,0,5,200,0.1,,,
10432,毁灭技能-施法过程,,0,5,50,0.1,,,
10433,毁灭技能-命中机甲,,0,5,200,0.1,,,
10434,毁灭技能-命中建筑,,0,5,200,0.1,,,
10435,毁灭技能-命中软地面,,0,5,200,0.1,,,
10436,毁灭技能-结束,,0,5,50,0.1,,,
10437,毁灭技能-蓄力,,,,,,,,
10441,毁灭SP技能-发射,,0,5,200,0.1,,,
10442,毁灭SP技能-施法过程,,0,5,50,0.1,,,
10443,毁灭SP技能-命中机甲,,0,5,200,0.1,,,
10444,毁灭SP技能-命中建筑,,0,5,200,0.1,,,
10445,毁灭SP技能-命中软地面,,0,5,200,0.1,,,
10446,毁灭SP技能-结束,,0,5,50,0.1,,,
10447,毁灭SP技能-蓄力,,,,,,,,
10501,幻视入场,,0,5,50,0.1,,,
10502,幻视死亡,,0,5,50,0.1,,,
10503,幻视复活,,0,5,50,0.1,,,
10504,幻视移动,Sound/Scene/robot_move1,0,5,100,0.1,,,
10505,幻视高处掉下落地,,0,5,100,0.1,,,
10511,幻视武器1-发射,,0,5,200,0.1,,,
10512,幻视武器1-施法过程,,0,5,50,0.1,,,
10513,幻视武器1-命中机甲,,0,5,200,0.1,,,
10514,幻视武器1-命中建筑,,0,5,200,0.1,,,
10515,幻视武器1-命中软地面,,0,5,200,0.1,,,
10516,幻视武器1-结束,,0,5,50,0.1,,,
10517,幻视武器1-蓄力,,,,,,,,
10521,幻视武器2-发射,,0,5,200,0.1,,,
10522,幻视武器2-施法过程,,0,5,50,0.1,,,
10523,幻视武器2-命中机甲,,0,5,200,0.1,,,
10524,幻视武器2-命中建筑,,0,5,200,0.1,,,
10525,幻视武器2-命中软地面,,0,5,200,0.1,,,
10526,幻视武器2-结束,,0,5,50,0.1,,,
10527,幻视武器2-蓄力,,,,,,,,
10531,幻视技能-发射,,0,5,200,0.1,,,
10532,幻视技能-施法过程,,0,5,50,0.1,,,
10533,幻视技能-命中机甲,,0,5,200,0.1,,,
10534,幻视技能-命中建筑,,0,5,200,0.1,,,
10535,幻视技能-命中软地面,,0,5,200,0.1,,,
10536,幻视技能-结束,,0,5,50,0.1,,,
10537,幻视技能-蓄力,,,,,,,,
10541,幻视SP技能-发射,,0,5,200,0.1,,,
10542,幻视SP技能-施法过程,,0,5,50,0.1,,,
10543,幻视SP技能-命中机甲,,0,5,200,0.1,,,
10544,幻视SP技能-命中建筑,,0,5,200,0.1,,,
10545,幻视SP技能-命中软地面,,0,5,200,0.1,,,
10546,幻视SP技能-结束,,0,5,50,0.1,,,
10547,幻视SP技能-蓄力,,,,,,,,
20101,狂徒入场,,0,5,50,0.1,,,
20102,狂徒死亡,,0,5,50,0.1,,,
20103,狂徒复活,,0,5,50,0.1,,,
20104,狂徒移动,Sound/Scene/robot_move1,0,5,100,0.1,,,
20105,狂徒高处掉下落地,,0,5,100,0.1,,,
20111,狂徒武器1-发射,,0,5,200,0.1,,,
20112,狂徒武器1-施法过程,,0,5,50,0.1,,,
20113,狂徒武器1-命中机甲,,0,5,200,0.1,,,
20114,狂徒武器1-命中建筑,,0,5,200,0.1,,,
20115,狂徒武器1-命中软地面,,0,5,200,0.1,,,
20116,狂徒武器1-结束,,0,5,50,0.1,,,
20117,狂徒武器1-蓄力,,,,,,,,
20121,狂徒武器2-发射,,0,5,200,0.1,,,
20122,狂徒武器2-施法过程,,0,5,50,0.1,,,
20123,狂徒武器2-命中机甲,,0,5,200,0.1,,,
20124,狂徒武器2-命中建筑,,0,5,200,0.1,,,
20125,狂徒武器2-命中软地面,,0,5,200,0.1,,,
20126,狂徒武器2-结束,,0,5,50,0.1,,,
20127,狂徒武器2-蓄力,,,,,,,,
20131,狂徒技能-发射,,0,5,200,0.1,,,
20132,狂徒技能-施法过程,,0,5,50,0.1,,,
20133,狂徒技能-命中机甲,,0,5,200,0.1,,,
20134,狂徒技能-命中建筑,,0,5,200,0.1,,,
20135,狂徒技能-命中软地面,,0,5,200,0.1,,,
20136,狂徒技能-结束,,0,5,50,0.1,,,
20137,狂徒技能-蓄力,,,,,,,,
20141,狂徒SP技能-发射,,0,5,200,0.1,,,
20142,狂徒SP技能-施法过程,,0,5,50,0.1,,,
20143,狂徒SP技能-命中机甲,,0,5,200,0.1,,,
20144,狂徒SP技能-命中建筑,,0,5,200,0.1,,,
20145,狂徒SP技能-命中软地面,,0,5,200,0.1,,,
20146,狂徒SP技能-结束,,0,5,50,0.1,,,
20147,狂徒SP技能-蓄力,,,,,,,,
20201,金刚入场,Sound/Scene/20201,0,5,50,0.1,,,
20202,金刚死亡,Sound/Scene/20202,0,5,50,0.1,,,
20203,金刚复活,Sound/Scene/20203,0,5,50,0.1,,,
20204,金刚移动,Sound/Scene/20204,0,5,100,0.1,,,
20205,金刚高处掉下落地,Sound/Scene/20205,0,5,100,0.1,,,
20211,金刚武器1-发射,Sound/Scene/20211,0,5,200,0.1,,,
20212,金刚武器1-施法过程,,0,5,50,0.1,,,
20213,金刚武器1-命中机甲,,0,5,200,0.1,,,
20214,金刚武器1-命中建筑,,0,5,200,0.1,,,
20215,金刚武器1-命中软地面,,0,5,200,0.1,,,
20216,金刚武器1-结束,,0,5,50,0.1,,,
20217,金刚武器1-蓄力,,,,,,,,
20221,金刚武器2-发射,Sound/Scene/20221,0,5,200,0.1,,,
20222,金刚武器2-施法过程,,0,5,50,0.1,,,
20223,金刚武器2-命中机甲,,0,5,200,0.1,,,
20224,金刚武器2-命中建筑,,0,5,200,0.1,,,
20225,金刚武器2-命中软地面,,0,5,200,0.1,,,
20226,金刚武器2-结束,,0,5,50,0.1,,,
20227,金刚武器2-蓄力,,,,,,,,
20231,金刚技能-发射,,0,5,200,0.1,,,
20232,金刚技能-施法过程,Sound/Scene/20232,0,5,50,0.1,,,
20233,金刚技能-命中机甲,,0,5,200,0.1,,,
20234,金刚技能-命中建筑,,0,5,200,0.1,,,
20235,金刚技能-命中软地面,,0,5,200,0.1,,,
20236,金刚技能-结束,,0,5,50,0.1,,,
20237,金刚技能-蓄力,,,,,,,,
20241,金刚SP技能-发射,,0,5,200,0.1,,,
20242,金刚SP技能-施法过程,Sound/Scene/20242,0,5,50,0.1,,,
20243,金刚SP技能-命中机甲,,0,5,200,0.1,,,
20244,金刚SP技能-命中建筑,,0,5,200,0.1,,,
20245,金刚SP技能-命中软地面,,0,5,200,0.1,,,
20246,金刚SP技能-结束,,0,5,50,0.1,,,
20247,金刚SP技能-蓄力,,,,,,,,
20301,灵天使入场,,0,5,50,0.1,,,
20302,灵天使死亡,,0,5,50,0.1,,,
20303,灵天使复活,,0,5,50,0.1,,,
20304,灵天使移动,Sound/Scene/robot_move1,0,5,100,0.1,,,
20305,灵天使高处掉下落地,,0,5,100,0.1,,,
20311,灵天使武器1-发射,,0,5,200,0.1,,,
20312,灵天使武器1-施法过程,,0,5,50,0.1,,,
20313,灵天使武器1-命中机甲,,0,5,200,0.1,,,
20314,灵天使武器1-命中建筑,,0,5,200,0.1,,,
20315,灵天使武器1-命中软地面,,0,5,200,0.1,,,
20316,灵天使武器1-结束,,0,5,50,0.1,,,
20317,灵天使武器1-蓄力,,,,,,,,
20321,灵天使武器2-发射,,0,5,200,0.1,,,
20322,灵天使武器2-施法过程,,0,5,50,0.1,,,
20323,灵天使武器2-命中机甲,,0,5,200,0.1,,,
20324,灵天使武器2-命中建筑,,0,5,200,0.1,,,
20325,灵天使武器2-命中软地面,,0,5,200,0.1,,,
20326,灵天使武器2-结束,,0,5,50,0.1,,,
20327,灵天使武器2-蓄力,,,,,,,,
20331,灵天使技能-发射,,0,5,200,0.1,,,
20332,灵天使技能-施法过程,,0,5,50,0.1,,,
20333,灵天使技能-命中机甲,,0,5,200,0.1,,,
20334,灵天使技能-命中建筑,,0,5,200,0.1,,,
20335,灵天使技能-命中软地面,,0,5,200,0.1,,,
20336,灵天使技能-结束,,0,5,50,0.1,,,
20337,灵天使技能-蓄力,,,,,,,,
20341,灵天使SP技能-发射,,0,5,200,0.1,,,
20342,灵天使SP技能-施法过程,,0,5,50,0.1,,,
20343,灵天使SP技能-命中机甲,,0,5,200,0.1,,,
20344,灵天使SP技能-命中建筑,,0,5,200,0.1,,,
20345,灵天使SP技能-命中软地面,,0,5,200,0.1,,,
20346,灵天使SP技能-结束,,0,5,50,0.1,,,
20347,灵天使SP技能-蓄力,,,,,,,,
20401,哨兵入场,,0,5,50,0.1,,,
20402,哨兵死亡,,0,5,50,0.1,,,
20403,哨兵复活,,0,5,50,0.1,,,
20404,哨兵移动,Sound/Scene/robot_move1,0,5,100,0.1,,,
20405,哨兵高处掉下落地,,0,5,100,0.1,,,
20411,哨兵武器1-发射,,0,5,200,0.1,,,
20412,哨兵武器1-施法过程,,0,5,50,0.1,,,
20413,哨兵武器1-命中机甲,,0,5,200,0.1,,,
20414,哨兵武器1-命中建筑,,0,5,200,0.1,,,
20415,哨兵武器1-命中软地面,,0,5,200,0.1,,,
20416,哨兵武器1-结束,,0,5,50,0.1,,,
20417,哨兵武器1-蓄力,,,,,,,,
20421,哨兵武器2-发射,,0,5,200,0.1,,,
20422,哨兵武器2-施法过程,,0,5,50,0.1,,,
20423,哨兵武器2-命中机甲,,0,5,200,0.1,,,
20424,哨兵武器2-命中建筑,,0,5,200,0.1,,,
20425,哨兵武器2-命中软地面,,0,5,200,0.1,,,
20426,哨兵武器2-结束,,0,5,50,0.1,,,
20427,哨兵武器2-蓄力,,,,,,,,
20431,哨兵技能-发射,,0,5,200,0.1,,,
20432,哨兵技能-施法过程,,0,5,50,0.1,,,
20433,哨兵技能-命中机甲,,0,5,200,0.1,,,
20434,哨兵技能-命中建筑,,0,5,200,0.1,,,
20435,哨兵技能-命中软地面,,0,5,200,0.1,,,
20436,哨兵技能-结束,,0,5,50,0.1,,,
20437,哨兵技能-蓄力,,,,,,,,
20441,哨兵SP技能-发射,,0,5,200,0.1,,,
20442,哨兵SP技能-施法过程,,0,5,50,0.1,,,
20443,哨兵SP技能-命中机甲,,0,5,200,0.1,,,
20444,哨兵SP技能-命中建筑,,0,5,200,0.1,,,
20445,哨兵SP技能-命中软地面,,0,5,200,0.1,,,
20446,哨兵SP技能-结束,,0,5,50,0.1,,,
20447,哨兵SP技能-蓄力,,,,,,,,
20501,钢铁之翼入场,Sound/Scene/20501,0,5,50,0.1,,,
20502,钢铁之翼死亡,Sound/Scene/20502,0,5,50,0.1,,,
20503,钢铁之翼复活,Sound/Scene/30303,0,5,50,0.1,,,
20504,钢铁之翼移动,Sound/Scene/20504,0,5,100,0.1,,,
20505,钢铁之翼高处掉下落地,Sound/Scene/20505,0,5,100,0.1,,,
20511,钢铁之翼武器1-发射,Sound/Scene/20511,0,5,200,0.1,,,
20512,钢铁之翼武器1-施法过程,,0,5,50,0.1,,,
20513,钢铁之翼武器1-命中机甲,Sound/Scene/20513,0,5,400,0.1,,,
20514,钢铁之翼武器1-命中建筑,Sound/Scene/20513,0,5,400,0.1,,,
20515,钢铁之翼武器1-命中软地面,Sound/Scene/20513,0,5,400,0.1,,,
20516,钢铁之翼武器1-结束,,0,5,50,0.1,,,
20517,钢铁之翼武器1-蓄力,,,,,,,,
20521,钢铁之翼武器2-发射,Sound/Scene/20521,0,5,200,0.1,,,
20522,钢铁之翼武器2-施法过程,,0,5,50,0.1,,,
20523,钢铁之翼武器2-命中机甲,Sound/Scene/20524,0,5,200,0.1,,,
20524,钢铁之翼武器2-命中建筑,Sound/Scene/20524,0,5,200,0.1,,,
20525,钢铁之翼武器2-命中软地面,Sound/Scene/10125,0,5,200,0.1,,,
20526,钢铁之翼武器2-结束,,0,5,50,0.1,,,
20527,钢铁之翼武器2-蓄力,,,,,,,,
20531,钢铁之翼技能-发射,Sound/Scene/20531,0,5,200,0.1,,,
20532,钢铁之翼技能-施法过程,,0,5,50,0.1,,,
20533,钢铁之翼技能-命中机甲,,0,5,200,0.1,,,
20534,钢铁之翼技能-命中建筑,,0,5,200,0.1,,,
20535,钢铁之翼技能-命中软地面,,0,5,200,0.1,,,
20536,钢铁之翼技能-结束,,0,5,50,0.1,,,
20537,钢铁之翼技能-蓄力,,,,,,,,
20541,钢铁之翼SP技能-发射,Sound/Scene/20541,0,5,200,0.1,,,
20542,钢铁之翼SP技能-施法过程,,0,5,50,0.1,,,
20543,钢铁之翼SP技能-命中机甲,Sound/Scene/20543,0,5,200,0.1,,,
20544,钢铁之翼SP技能-命中建筑,Sound/Scene/20543,0,5,200,0.1,,,
20545,钢铁之翼SP技能-命中软地面,Sound/Scene/20543,0,5,200,0.1,,,
20546,钢铁之翼SP技能-结束,,0,5,50,0.1,,,
20547,钢铁之翼SP技能-蓄力,,,,,,,,
20601,战争壁垒入场,Sound/Scene/20601,0,5,50,0.1,,,
20602,战争壁垒死亡,Sound/Scene/20602,0,5,50,0.1,,,
20603,战争壁垒复活,Sound/Scene/20603,0,5,50,0.1,,,
20604,战争壁垒移动,Sound/Scene/20604,0,5,100,0.1,,,
20605,战争壁垒高处掉下落地,Sound/Scene/20605,0,5,100,0.1,,,
20611,战争壁垒武器1-发射,Sound/Scene/20611,0,5,200,0.1,,,
20612,战争壁垒武器1-施法过程,,0,5,50,0.1,,,
20613,战争壁垒武器1-命中机甲,,0,5,200,0.1,,,
20614,战争壁垒武器1-命中建筑,,0,5,200,0.1,,,
20615,战争壁垒武器1-命中软地面,,0,5,200,0.1,,,
20616,战争壁垒武器1-结束,,0,5,50,0.1,,,
20617,战争壁垒武器1-蓄力,,,,,,,,
20621,战争壁垒武器2-发射,Sound/Scene/20621,0,5,200,0.1,,,
20622,战争壁垒武器2-施法过程,,0,5,50,0.1,,,
20623,战争壁垒武器2-命中机甲,Sound/Scene/20513,0,5,200,0.1,,,
20624,战争壁垒武器2-命中建筑,Sound/Scene/20513,0,5,200,0.1,,,
20625,战争壁垒武器2-命中软地面,Sound/Scene/20513,0,5,200,0.1,,,
20626,战争壁垒武器2-结束,,0,5,50,0.1,,,
20627,战争壁垒武器2-蓄力,,,,,,,,
20631,战争壁垒技能-发射,Sound/Scene/20631,0,5,200,0.1,,,
20632,战争壁垒技能-施法过程,,0,5,50,0.1,,,
20633,战争壁垒技能-命中机甲,,0,5,200,0.1,,,
20634,战争壁垒技能-命中建筑,,0,5,200,0.1,,,
20635,战争壁垒技能-命中软地面,,0,5,200,0.1,,,
20636,战争壁垒技能-结束,,0,5,50,0.1,,,
20637,战争壁垒技能-蓄力,,,,,,,,
20641,战争壁垒SP技能-发射,Sound/Scene/20641,0,5,200,0.1,,,
20642,战争壁垒SP技能-施法过程,Sound/Scene/20642,0,5,50,0.1,,,
20643,战争壁垒SP技能-命中机甲,,0,5,200,0.1,,,
20644,战争壁垒SP技能-命中建筑,,0,5,200,0.1,,,
20645,战争壁垒SP技能-命中软地面,,0,5,200,0.1,,,
20646,战争壁垒SP技能-结束,Sound/Scene/20646,0,5,50,0.1,,,
20647,战争壁垒SP技能-蓄力,Sound/Scene/20647,,,,,,,
30101,战地风暴入场,,0,5,50,0.1,,,
30102,战地风暴死亡,,0,5,50,0.1,,,
30103,战地风暴复活,,0,5,50,0.1,,,
30104,战地风暴移动,Sound/Scene/robot_move1,0,5,100,0.1,,,
30105,战地风暴高处掉下落地,,0,5,100,0.1,,,
30111,战地风暴武器1-发射,,0,5,200,0.1,,,
30112,战地风暴武器1-施法过程,,0,5,50,0.1,,,
30113,战地风暴武器1-命中机甲,,0,5,200,0.1,,,
30114,战地风暴武器1-命中建筑,,0,5,200,0.1,,,
30115,战地风暴武器1-命中软地面,,0,5,200,0.1,,,
30116,战地风暴武器1-结束,,0,5,50,0.1,,,
30117,战地风暴武器1-蓄力,,,,,,,,
30121,战地风暴武器2-发射,,0,5,200,0.1,,,
30122,战地风暴武器2-施法过程,,0,5,50,0.1,,,
30123,战地风暴武器2-命中机甲,,0,5,200,0.1,,,
30124,战地风暴武器2-命中建筑,,0,5,200,0.1,,,
30125,战地风暴武器2-命中软地面,,0,5,200,0.1,,,
30126,战地风暴武器2-结束,,0,5,50,0.1,,,
30127,战地风暴武器2-蓄力,,,,,,,,
30131,战地风暴技能-发射,,0,5,200,0.1,,,
30132,战地风暴技能-施法过程,,0,5,50,0.1,,,
30133,战地风暴技能-命中机甲,,0,5,200,0.1,,,
30134,战地风暴技能-命中建筑,,0,5,200,0.1,,,
30135,战地风暴技能-命中软地面,,0,5,200,0.1,,,
30136,战地风暴技能-结束,,0,5,50,0.1,,,
30137,战地风暴技能-蓄力,,,,,,,,
30141,战地风暴SP技能-发射,,0,5,200,0.1,,,
30142,战地风暴SP技能-施法过程,,0,5,50,0.1,,,
30143,战地风暴SP技能-命中机甲,,0,5,200,0.1,,,
30144,战地风暴SP技能-命中建筑,,0,5,200,0.1,,,
30145,战地风暴SP技能-命中软地面,,0,5,200,0.1,,,
30146,战地风暴SP技能-结束,,0,5,50,0.1,,,
30147,战地风暴SP技能-蓄力,,,,,,,,
30201,收割者入场,,0,5,50,0.1,,,
30202,收割者死亡,,0,5,50,0.1,,,
30203,收割者复活,,0,5,50,0.1,,,
30204,收割者移动,Sound/Scene/robot_move1,0,5,100,0.1,,,
30205,收割者高处掉下落地,,0,5,100,0.1,,,
30211,收割者武器1-发射,,0,5,200,0.1,,,
30212,收割者武器1-施法过程,,0,5,50,0.1,,,
30213,收割者武器1-命中机甲,,0,5,200,0.1,,,
30214,收割者武器1-命中建筑,,0,5,200,0.1,,,
30215,收割者武器1-命中软地面,,0,5,200,0.1,,,
30216,收割者武器1-结束,,0,5,50,0.1,,,
30217,收割者武器1-蓄力,,,,,,,,
30221,收割者武器2-发射,,0,5,200,0.1,,,
30222,收割者武器2-施法过程,,0,5,50,0.1,,,
30223,收割者武器2-命中机甲,,0,5,200,0.1,,,
30224,收割者武器2-命中建筑,,0,5,200,0.1,,,
30225,收割者武器2-命中软地面,,0,5,200,0.1,,,
30226,收割者武器2-结束,,0,5,50,0.1,,,
30227,收割者武器2-蓄力,,,,,,,,
30231,收割者技能-发射,,0,5,200,0.1,,,
30232,收割者技能-施法过程,,0,5,50,0.1,,,
30233,收割者技能-命中机甲,,0,5,200,0.1,,,
30234,收割者技能-命中建筑,,0,5,200,0.1,,,
30235,收割者技能-命中软地面,,0,5,200,0.1,,,
30236,收割者技能-结束,,0,5,50,0.1,,,
30237,收割者技能-蓄力,,,,,,,,
30241,收割者SP技能-发射,,0,5,200,0.1,,,
30242,收割者SP技能-施法过程,,0,5,50,0.1,,,
30243,收割者SP技能-命中机甲,,0,5,200,0.1,,,
30244,收割者SP技能-命中建筑,,0,5,200,0.1,,,
30245,收割者SP技能-命中软地面,,0,5,200,0.1,,,
30246,收割者SP技能-结束,,0,5,50,0.1,,,
30247,收割者SP技能-蓄力,,,,,,,,
30301,末日公爵入场,Sound/Scene/30301,0,5,50,0.1,,,
30302,末日公爵死亡,Sound/Scene/30302,0,5,50,0.1,,,
30303,末日公爵复活,Sound/Scene/30303,0,5,50,0.1,,,
30304,末日公爵移动,Sound/Scene/30304,0,5,100,0.1,,,
30305,末日公爵高处掉下落地,Sound/Scene/30305,0,5,100,0.1,,,
30311,末日公爵武器1-发射,Sound/Scene/30311,0,5,200,0.1,,,
30312,末日公爵武器1-施法过程,,0,5,50,0.1,,,
30313,末日公爵武器1-命中机甲,,0,5,200,0.1,,,
30314,末日公爵武器1-命中建筑,,0,5,200,0.1,,,
30315,末日公爵武器1-命中软地面,,0,5,200,0.1,,,
30316,末日公爵武器1-结束,,0,5,50,0.1,,,
30317,末日公爵武器1-蓄力,,,,,,,,
30321,末日公爵武器2-发射,Sound/Scene/20521,0,5,200,0.1,,,
30322,末日公爵武器2-施法过程,,0,5,50,0.1,,,
30323,末日公爵武器2-命中机甲,Sound/Scene/20524,0,5,200,0.1,,,
30324,末日公爵武器2-命中建筑,Sound/Scene/20524,0,5,200,0.1,,,
30325,末日公爵武器2-命中软地面,Sound/Scene/10125,0,5,200,0.1,,,
30326,末日公爵武器2-结束,,0,5,50,0.1,,,
30327,末日公爵武器2-蓄力,,,,,,,,
30331,末日公爵技能-发射,Sound/Scene/30331,0,5,200,0.1,,,
30332,末日公爵技能-施法过程,,0,5,50,0.1,,,
30333,末日公爵技能-命中机甲,,0,5,200,0.1,,,
30334,末日公爵技能-命中建筑,,0,5,200,0.1,,,
30335,末日公爵技能-命中软地面,,0,5,200,0.1,,,
30336,末日公爵技能-结束,,0,5,50,0.1,,,
30337,末日公爵技能-蓄力,,,,,,,,
30341,末日公爵SP技能-发射,Sound/Scene/30341,0,5,200,0.1,,,
30342,末日公爵SP技能-施法过程,,0,5,50,0.1,,,
30343,末日公爵SP技能-命中机甲,Sound/Scene/30342,0,5,200,0.1,,,
30344,末日公爵SP技能-命中建筑,Sound/Scene/30342,0,5,200,0.1,,,
30345,末日公爵SP技能-命中软地面,Sound/Scene/30342,0,5,200,0.1,,,
30346,末日公爵SP技能-结束,,0,5,50,0.1,,,
30347,末日公爵SP技能-蓄力,,,,,,,,
,,,,,,,,,
1011,通用技能：缓慢恢复-发射,,0,5,200,0.1,,,
1012,通用技能：缓慢恢复-施放,Sound/Scene/1012,0,5,50,0.1,,,
1013,通用技能：缓慢恢复-命中机甲,,0,5,200,0.1,,,
1014,通用技能：缓慢恢复-命中建筑,,0,5,200,0.1,,,
1015,通用技能：缓慢恢复-命中软地面,,0,5,200,0.1,,,
1016,通用技能：缓慢恢复-结束,,0,5,50,0.1,,,
1021,通用技能：缓慢充能-发射,,0,5,200,0.1,,,
1022,通用技能：缓慢充能-施放,Sound/Scene/1022,0,5,50,0.1,,,
1023,通用技能：缓慢充能-命中机甲,,0,5,200,0.1,,,
1024,通用技能：缓慢充能-命中建筑,,0,5,200,0.1,,,
1025,通用技能：缓慢充能-命中软地面,,0,5,200,0.1,,,
1026,通用技能：缓慢充能-结束,,0,5,50,0.1,,,
1031,通用技能：快速恢复-发射,,0,5,200,0.1,,,
1032,通用技能：快速恢复-施放,Sound/Scene/1032,0,5,50,0.1,,,
1033,通用技能：快速恢复-命中机甲,,0,5,200,0.1,,,
1034,通用技能：快速恢复-命中建筑,,0,5,200,0.1,,,
1035,通用技能：快速恢复-命中软地面,,0,5,200,0.1,,,
1036,通用技能：快速恢复-结束,,0,5,50,0.1,,,
1041,通用技能：快速充能-发射,,0,5,200,0.1,,,
1042,通用技能：快速充能-施放,Sound/Scene/1042,0,5,50,0.1,,,
1043,通用技能：快速充能-命中机甲,,0,5,200,0.1,,,
1044,通用技能：快速充能-命中建筑,,0,5,200,0.1,,,
1045,通用技能：快速充能-命中软地面,,0,5,200,0.1,,,
1046,通用技能：快速充能-结束,,0,5,50,0.1,,,
1051,通用技能：红外探测-发射,,0,5,200,0.1,,,
1052,通用技能：红外探测-施放,Sound/Scene/1052,0,5,50,0.1,,,
1053,通用技能：红外探测-命中机甲,,0,5,200,0.1,,,
1054,通用技能：红外探测-命中建筑,,0,5,200,0.1,,,
1055,通用技能：红外探测-命中软地面,,0,5,200,0.1,,,
1056,通用技能：红外探测-结束,,0,5,50,0.1,,,
1061,通用技能：等离子护盾-发射,,0,5,200,0.1,,,
1062,通用技能：等离子护盾-施放,Sound/Scene/1062,0,5,50,0.1,,,
1063,通用技能：等离子护盾-命中机甲,,0,5,200,0.1,,,
1064,通用技能：等离子护盾-命中建筑,,0,5,200,0.1,,,
1065,通用技能：等离子护盾-命中软地面,,0,5,200,0.1,,,
1066,通用技能：等离子护盾-结束,,0,5,50,0.1,,,
1071,通用技能：超速射击-发射,,0,5,200,0.1,,,
1072,通用技能：超速射击-施放,Sound/Scene/1072,0,5,50,0.1,,,
1073,通用技能：超速射击-命中机甲,,0,5,200,0.1,,,
1074,通用技能：超速射击-命中建筑,,0,5,200,0.1,,,
1075,通用技能：超速射击-命中软地面,,0,5,200,0.1,,,
1076,通用技能：超速射击-结束,,0,5,50,0.1,,,
1081,通用技能：快速装弹-发射,,0,5,200,0.1,,,
1082,通用技能：快速装弹-施放,Sound/Scene/1082,0,5,50,0.1,,,
1083,通用技能：快速装弹-命中机甲,,0,5,200,0.1,,,
1084,通用技能：快速装弹-命中建筑,,0,5,200,0.1,,,
1085,通用技能：快速装弹-命中软地面,,0,5,200,0.1,,,
1086,通用技能：快速装弹-结束,,0,5,50,0.1,,,
1091,通用技能：群体加速-发射,,0,5,200,0.1,,,
1092,通用技能：群体加速-施放,Sound/Scene/1092,0,5,50,0.1,,,
1093,通用技能：群体加速-命中机甲,,0,5,200,0.1,,,
1094,通用技能：群体加速-命中建筑,,0,5,200,0.1,,,
1095,通用技能：群体加速-命中软地面,,0,5,200,0.1,,,
1096,通用技能：群体加速-结束,,0,5,50,0.1,,,
